2025 1 1 244 307 192 10102 68 50
2025 1 2 261 321 198 10109 60 0
2025 1 3 258 325 195 10122 49 0
2025 1 4 285 367 200 10112 45 0
2025 1 5 276 327 221 10112 47 0
2025 1 6 282 346 235 10109 40 20
2025 1 7 271 337 200 10110 53 0
2025 1 8 269 324 225 10110 59 220
2025 1 9 253 316 224 10108 64 70
2025 1 10 245 294 194 10126 67 210
2025 1 11 257 319 183 10138 53 0
2025 1 12 268 331 197 10127 51 0
2025 1 13 274 341 206 10095 43 0
2025 1 14 290 357 220 10074 35 0
2025 1 15 299 368 216 10077 37 0
2025 1 16 297 357 228 10096 37 0
2025 1 17 265 310 237 10122 55 60
2025 1 18 229 255 201 10141 78 1160
2025 1 19 219 257 187 10156 70 670
2025 1 20 218 267 164 10132 59 0
2025 1 21 247 323 173 10095 56 0
2025 1 22 263 329 187 10115 57 0
2025 1 23 264 324 217 10102 63 160
2025 1 24 272 331 222 10096 67 390
2025 1 25 255 307 211 10136 75 210
2025 1 26 259 315 215 10116 71 550
2025 1 27 252 312 212 10086 71 620
2025 1 28 231 268 201 10133 81 1970
2025 1 29 239 287 186 10157 76 20
2025 1 30 249 309 183 10133 71 0
2025 1 31 261 324 199 10091 64 0
2025 2 1 261 324 199 10077 60 0
2025 2 2 273 342 210 10049 56 0
2025 2 3 292 369 219 10038 54 0
2025 2 4 257 282 227 10084 69 0
2025 2 5 259 305 215 10078 74 50
2025 2 6 248 317 189 10114 72 0
2025 2 7 279 350 211 10125 58 0
2025 2 8 323 405 242 10110 47 0
2025 2 9 315 392 238 10122 47 0
2025 2 10 338 408 268 10051 30 0
2025 2 11 281 313 247 10061 41 0
2025 2 12 224 250 196 10120 68 40
2025 2 13 223 260 186 10153 78 10
2025 2 14 272 347 213 10087 69 40
2025 2 15 241 275 210 10075 83 650
2025 2 16 240 286 209 10073 81 1280
2025 2 17 241 296 191 10123 72 0
2025 2 18 204 246 157 10176 67 0
2025 2 19 249 332 173 10094 57 0
2025 2 20 274 347 209 10085 55 0
2025 2 21 290 366 219 10104 62 0
2025 2 22 312 386 238 10098 56 0
2025 2 23 316 391 252 10085 54 10
2025 2 24 311 369 254 10072 55 10
2025 2 25 239 251 208 10115 80 940
2025 2 26 235 275 210 10126 88 1360
2025 2 27 239 291 206 10105 84 990
2025 2 28 245 302 217 10074 84 1250
2025 3 1 228 262 207 10109 86 1220
2025 3 2 230 266 206 10108 87 2050
2025 3 3 243 287 213 10106 88 1390
2025 3 4 254 303 206 10093 83 140
2025 3 5 272 322 224 10066 77 0
2025 3 6 279 332 223 10078 71 120
2025 3 7 277 337 231 10074 70 230
2025 3 8 197 234 152 10192 71 1650
2025 3 9 169 213 129 10243 73 0
2025 3 10 196 275 135 10159 72 0
2025 3 11 207 266 156 10160 77 1660
2025 3 12 143 158 127 10257 87 1240
2025 3 13 158 185 136 10234 82 0
2025 3 14 165 196 137 10180 78 0
2025 3 15 191 237 159 10167 75 0
2025 3 16 197 249 165 10181 86 920
2025 3 17 213 260 174 10176 80 0
2025 3 18 229 291 177 10170 75 0
2025 3 19 236 295 188 10150 71 0
2025 3 20 230 287 174 10144 68 0
2025 3 21 220 274 176 10127 75 10
2025 3 22 213 278 156 10104 77 130
2025 3 23 198 231 171 10133 85 1310
2025 3 24 168 186 158 10168 89 1070
2025 3 25 180 213 157 10190 86 1420
2025 3 26 203 250 173 10129 89 690
2025 3 27 206 236 185 10109 90 540
2025 3 28 200 219 189 10126 90 530
2025 3 29 205 231 177 10129 88 40
2025 3 30 233 304 148 10059 78 500
2025 3 31 151 187 119 10221 58 0
2025 4 1 130 178 82 10216 75 0
2025 4 2 154 224 87 10149 75 0
2025 4 3 167 233 114 10198 72 0
2025 4 4 108 139 77 10322 62 0
2025 4 5 112 165 62 10275 70 0
2025 4 6 122 165 75 10222 79 30
2025 4 7 158 210 111 10192 79 50
2025 4 8 155 197 118 10201 78 0
2025 4 9 169 214 121 10180 80 10
2025 4 10 175 225 127 10150 82 20
2025 4 11 181 228 140 10132 82 20
2025 4 12 170 205 145 10176 74 110
2025 4 13 158 212 106 10198 70 0
2025 4 14 170 216 128 10158 70 0
2025 4 15 178 233 128 10149 77 60
2025 4 16 192 254 152 10131 74 30
2025 4 17 203 267 150 10113 71 30
2025 4 18 169 191 149 10180 86 1660
2025 4 19 155 180 135 10226 67 10
2025 4 20 132 163 117 10198 82 430
2025 4 21 156 219 108 10152 75 0
2025 4 22 179 243 133 10129 71 0
2025 4 23 190 252 140 10121 77 80
2025 4 24 187 225 162 10125 82 110
2025 4 25 204 274 141 10057 77 0
2025 4 26 163 185 130 10151 58 0
2025 4 27 158 222 108 10189 56 0
2025 4 28 169 252 99 10183 65 0
2025 4 29 189 265 115 10145 58 0
2025 4 30 184 247 130 10130 56 0
2025 5 1 196 278 140 10110 58 0
2025 5 2 192 256 138 10158 71 0
2025 5 3 203 269 142 10150 71 0
2025 5 4 207 243 187 10130 82 140
2025 5 5 179 195 164 10161 86 310
2025 5 6 194 242 168 10112 87 250
2025 5 7 194 220 176 10093 91 390
2025 5 8 180 205 154 10092 89 90
2025 5 9 169 218 129 10157 81 0
2025 5 10 175 248 117 10214 74 0
2025 5 11 182 238 137 10208 73 0
2025 5 12 173 222 136 10178 66 0
2025 5 13 178 244 130 10130 71 0
2025 5 14 193 232 163 10143 79 0
2025 5 15 218 276 179 10112 82 40
2025 5 16 211 246 179 10097 87 870
2025 5 17 223 296 171 10036 76 0
2025 5 18 152 176 112 10191 32 0
2025 5 19 121 180 75 10185 61 0
2025 5 20 127 185 78 10225 61 0
2025 5 21 124 167 87 10211 80 10
2025 5 22 133 149 116 10230 85 50
2025 5 23 143 193 108 10182 67 0
2025 5 24 160 214 129 10179 74 0
2025 5 25 141 178 116 10150 89 20
2025 5 26 163 213 128 10090 82 0
2025 5 27 122 160 76 10180 59 110
2025 5 28 79 125 48 10287 56 0
2025 5 29 74 142 22 10254 67 0
2025 5 30 79 159 16 10206 72 0
2025 5 31 107 171 64 10233 58 0
2025 6 1 101 172 48 10224 61 0
2025 6 2 106 173 45 10182 70 0
2025 6 3 116 181 68 10136 80 0
2025 6 4 126 209 62 10127 73 0
2025 6 5 129 189 73 10199 64 0
2025 6 6 116 196 53 10191 71 0
2025 6 7 113 145 94 10191 87 0
2025 6 8 111 166 68 10231 75 0
2025 6 9 105 172 47 10234 69 0
2025 6 10 114 192 66 10213 67 0
2025 6 11 112 164 77 10213 66 0
2025 6 12 106 165 63 10129 71 0
2025 6 13 133 180 96 10137 68 30
2025 6 14 113 155 74 10191 62 100
2025 6 15 105 188 56 10132 66 0
2025 6 16 114 167 83 10107 76 0
2025 6 17 109 155 74 10187 59 0
2025 6 18 91 152 50 10246 58 0
2025 6 19 87 169 31 10249 58 0
2025 6 20 93 184 34 10194 63 0
2025 6 21 100 179 36 10135 63 0
2025 6 22 107 175 66 10105 54 0
2025 6 23 63 110 24 10225 33 0
2025 6 24 85 180 12 10132 44 0
2025 6 25 86 144 38 10127 43 0
2025 6 26 72 150 21 10201 49 0
2025 6 27 71 148 8 10198 57 0
2025 6 28 74 140 20 10199 70 0
2025 6 29 37 56 21 10343 60 0
2025 6 30 17 59 -25 10355 62 0
2025 7 1 33 82 -3 10317 62 0
2025 7 2 52 104 16 10308 57 0
2025 7 3 84 153 37 10252 47 0
2025 7 4 98 173 45 10214 51 0
2025 7 5 107 175 50 10222 59 0
2025 7 6 156 210 113 10170 71 0
2025 7 7 152 203 115 10224 76 30
2025 7 8 146 209 85 10214 78 0
2025 7 9 169 224 129 10200 78 10
2025 7 10 116 154 98 10254 90 1390
2025 7 11 106 138 83 10269 90 1640
2025 7 12 117 154 91 10241 87 0
2025 7 13 121 197 79 10227 77 0
2025 7 14 154 205 99 10173 84 40
2025 7 15 168 231 120 10113 81 0
2025 7 16 118 161 62 10234 54 80
2025 7 17 84 167 14 10246 54 0
2025 7 18 107 213 24 10182 58 0
2025 7 19 129 223 54 10158 57 0
2025 7 20 135 215 56 10158 68 0
2025 7 21 134 202 76 10163 69 0
2025 7 22 114 136 84 10224 71 20
2025 7 23 88 106 73 10272 82 130
2025 7 24 87 123 68 10193 88 20
2025 7 25 111 157 86 10140 84 0
2025 7 26 97 114 62 10195 88 230
2025 7 27 69 97 54 10231 83 40
2025 7 28 74 116 41 10285 82 0
2025 7 29 90 145 59 10229 83 0
2025 7 30 129 197 79 10127 74 0
2025 7 31 163 221 126 10063 74 0
2025 8 1 158 226 111 10051 77 0
2025 8 2 129 184 75 10147 68 0
2025 8 3 122 174 80 10211 68 0
2025 8 4 108 164 60 10297 61 0
2025 8 5 103 167 47 10284 57 0
2025 8 6 118 180 73 10223 57 0
2025 8 7 121 166 83 10264 54 0
2025 8 8 86 156 20 10303 50 0
2025 8 9 96 180 20 10236 55 0
2025 8 10 126 211 62 10212 41 0
2025 8 11 132 225 50 10196 52 0
2025 8 12 167 262 83 10122 45 0
2025 8 13 144 176 102 10242 44 0
2025 8 14 99 152 52 10293 68 0
2025 8 15 97 132 69 10252 65 0
2025 8 16 122 181 81 10203 64 10
2025 8 17 114 162 58 10205 71 0
2025 8 18 121 153 106 10171 78 1940
2025 8 19 119 145 94 10095 77 1060
2025 8 20 150 202 110 10125 50 0
2025 8 21 150 214 97 10057 66 0
2025 8 22 125 165 91 10087 56 0
2025 8 23 96 142 60 10267 39 0
2025 8 24 109 192 32 10246 44 0
2025 8 25 143 230 61 10226 45 0
2025 8 26 150 244 61 10237 46 0
2025 8 27 155 236 67 10231 47 0
2025 8 28 165 236 98 10193 47 0
2025 8 29 173 244 112 10116 64 0
2025 8 30 152 174 141 10126 87 5290
2025 8 31 120 142 75 10130 73 960
2025 9 1 108 177 48 10184 70 0
2025 9 2 125 182 81 10139 69 0
2025 9 3 119 170 77 10168 66 0
2025 9 4 96 126 71 10278 62 0
2025 9 5 78 121 43 10308 69 0
2025 9 6 95 152 51 10258 64 0
2025 9 7 106 160 60 10197 68 0
2025 9 8 136 222 73 10160 65 0
2025 9 9 149 228 76 10172 64 0
2025 9 10 189 272 134 10139 47 0
2025 9 11 159 234 76 10250 49 0
2025 9 12 162 224 101 10195 46 0
2025 9 13 188 278 120 10120 55 0
2025 9 14 185 214 151 10175 58 0
2025 9 15 196 246 150 10174 63 10
2025 9 16 191 253 142 10160 75 10
2025 9 17 183 215 154 10137 88 130
2025 9 18 216 263 170 10112 81 80
2025 9 19 239 300 179 10081 72 0
2025 9 20 218 290 166 10060 78 820
2025 9 21 153 184 105 10102 58 10
2025 9 22 136 207 58 10161 52 0
2025 9 23 167 240 102 10173 46 0
2025 9 24 170 234 105 10273 55 0
2025 9 25 179 245 116 10238 55 0
2025 9 26 194 266 131 10104 63 320
2025 9 27 156 203 118 10177 50 590
2025 9 28 163 257 82 10149 54 0
2025 9 29 188 260 117 10128 54 0
2025 9 30 196 243 158 10216 53 0
2025 10 1 182 237 127 10249 55 60
2025 10 2 199 270 129 10193 53 0
2025 10 3 226 303 144 10095 62 0
2025 10 4 266 349 192 10016 54 50
2025 10 5 180 221 126 10112 49 1390
2025 10 6 142 198 83 10224 42 0
2025 10 7 160 254 68 10207 46 0
2025 10 8 187 268 107 10202 35 0
2025 10 9 216 315 117 10149 29 0
2025 10 10 225 332 116 10096 37 0
2025 10 11 232 336 165 10055 39 0
2025 10 12 194 262 143 10134 29 0
2025 10 13 204 293 105 10127 33 0
2025 10 14 230 301 149 10123 24 0
2025 10 15 237 322 155 10084 34 0
2025 10 16 239 295 187 10126 43 0
2025 10 17 183 220 156 10172 70 1590
2025 10 18 184 246 119 10246 55 0
2025 10 19 195 263 121 10202 39 0
2025 10 20 210 281 141 10157 41 0
2025 10 21 250 331 168 10111 38 0
2025 10 22 250 306 189 10124 44 0
2025 10 23 275 347 193 10066 47 0
2025 10 24 218 269 181 10060 76 960
2025 10 25 170 207 139 10153 53 50
2025 10 26 179 253 110 10154 50 0
2025 10 27 115 152 72 10236 72 50
2025 10 28 85 115 57 10315 71 130
2025 10 29 119 167 76 10271 67 0
2025 10 30 156 225 94 10201 64 0
2025 10 31 204 292 118 10101 56 0
2025 11 1 188 229 157 10122 67 300
2025 11 2 208 287 129 10125 59 0
2025 11 3 230 307 123 10093 52 0
2025 11 4 224 275 185 10111 56 0
2025 11 5 215 267 174 10198 59 30
2025 11 6 184 224 146 10139 62 10
2025 11 7 144 174 121 10131 82 1810
2025 11 8 147 206 80 10185 72 0
2025 11 9 170 231 107 10190 66 0
2025 11 10 198 257 133 10173 64 0
2025 11 11 237 338 158 10095 56 0
2025 11 12 202 242 162 10178 55 130
2025 11 13 196 256 139 10185 64 260
2025 11 14 223 292 149 10165 59 0
2025 11 15 248 304 185 10074 60 350
2025 11 16 210 257 162 10105 53 670
2025 11 17 199 278 108 10153 48 0
2025 11 18 252 337 154 10085 36 0
2025 11 19 264 331 162 10103 34 0
2025 11 20 275 372 193 10024 43 100
2025 11 21 214 267 163 10175 41 10
2025 11 22 203 273 128 10186 54 0
2025 11 23 216 289 139 10172 48 0
2025 11 24 241 323 160 10114 44 0
2025 11 25 266 354 165 10104 38 0
2025 11 26 269 338 189 10090 37 0
2025 11 27 254 322 195 10080 57 170
2025 11 28 254 301 217 10102 66 290
2025 11 29 249 324 204 10070 75 940
2025 11 30 227 283 192 10082 80 420
2025 12 1 207 242 175 10119 77 340
2025 12 2 210 265 160 10130 71 0
2025 12 3 234 315 145 10125 56 0
2025 12 4 274 356 191 10095 46 0
2025 12 5 289 366 205 10074 42 0
2025 12 6 242 279 218 10123 60 390
2025 12 7 192 226 165 10173 69 1340
2025 12 8 207 261 162 10151 59 120
2025 12 9 213 289 129 10088 55 0
2025 12 10 246 330 146 10068 49 0
2025 12 11 245 299 189 10054 53 220
2025 12 12 267 347 169 10034 40 0
2025 12 13 289 358 194 10002 35 0
2025 12 14 205 263 170 10083 73 360
2025 12 15 197 254 134 10138 62 390
2025 12 16 225 293 141 10159 57 0
2025 12 17 251 317 168 10098 45 0
2025 12 18 264 340 167 10087 40 0
2025 12 19 283 350 198 10053 42 30
2025 12 20 255 294 216 10039 67 280
2025 12 21 248 303 195 10065 71 330
2025 12 22 234 277 188 10091 67 130
2025 12 23 255 315 187 10085 62 220
2025 12 24 266 345 208 10084 61 90
2025 12 25 247 307 195 10124 63 40
2025 12 26 261 330 170 10074 54 0
2025 12 27 275 321 218 10093 43 0
2025 12 28 259 328 207 10109 51 190
2025 12 29 268 318 225 10110 59 0
2025 12 30 284 344 214 10103 50 0
2025 12 31 293 360 222 10100 44 10
